local_slide( { "name" : "D00CD217-DA9C-438C-B223-A1FFF14325FE", "json" : {"assets":{"B8487A123F208143719CAD505C5DA553":{"type":"texture","assetRequest":{"type":"slide","state":"outgoing-reflection"},"url":"assets/B8487A123F208143719CAD505C5DA553.svg","width":1024,"height":384},"DF7D8124AA8F598A9ABB20162F842285":{"type":"texture","assetRequest":{"type":"slide","state":"outgoing"},"url":"assets/DF7D8124AA8F598A9ABB20162F842285.png","width":1024,"height":768},"8A9675F6DCC38A7E273B23BE8E4AC959":{"type":"texture","assetRequest":{"type":"slide","state":"incoming"},"url":"assets/8A9675F6DCC38A7E273B23BE8E4AC959.png","width":1024,"height":768},"86070AA80FE6983C1ABB6496B06973A4":{"type":"texture","assetRequest":{"type":"slide","state":"incoming-reflection"},"url":"assets/86070AA80FE6983C1ABB6496B06973A4.svg","width":1024,"height":384}},"events":[{"effects":[{"beginTime":0,"baseLayer":{"animations":[],"initialState":{"affineTransform":[1,0,0,1,0,0],"masksToBounds":true,"rotation":0,"scale":1,"position":{"pointX":512,"pointY":384},"width":1024,"sublayerTransform":[1,0,0,0,0,1,0,0,0,0,1,0,0,0,0,1],"contentsRect":{"y":0,"x":0,"width":1,"height":1},"opacity":1,"edgeAntialiasingMask":0,"height":768,"hidden":false,"anchorPoint":{"pointX":0.5,"pointY":0.5}},"objectID":0,"layers":[{"animations":[],"initialState":{"affineTransform":[1,0,0,1,0,0],"masksToBounds":false,"rotation":0,"scale":1,"position":{"pointX":512,"pointY":384},"width":1024,"sublayerTransform":[1,0,0,0,0,1,0,0,0,0,1,-0.0004922987690640373,0,0,0,1],"contentsRect":{"y":0,"x":0,"width":1,"height":1},"opacity":1,"edgeAntialiasingMask":15,"height":768,"hidden":false,"anchorPoint":{"pointX":0.5,"pointY":0.5}},"layers":[{"animations":[{"animations":[{"from":{"scalar":0.25},"beginTime":0,"fillMode":"removed","property":"opacity","duration":2,"timingFunction":"easeOut","to":{"scalar":1}},{"keyTimes":[0,0.03333333333333333,0.06666666666666667,0.1,0.1333333333333333,0.1666666666666667,0.2,0.2333333333333333,0.2666666666666667,0.3,0.3333333333333333,0.3666666666666666,0.4,0.4333333333333333,0.4666666666666667,0.5,0.5333333333333333,0.5666666666666667,0.6,0.6333333333333333,0.6666666666666666,0.7,0.7333333333333333,0.7666666666666667,0.8,0.8333333333333334,0.8666666666666667,0.9,0.9333333333333333,0.9666666666666667,1],"values":[{"transform":[0,0,-1,0,0,1,0,0,1,0,0,0,-512,0,512,1]},{"transform":[0.006264103039327281,0,-0.9999803803140903,0,0,1,0,0,0.9999803803140903,0,0.006264103039327281,0,-511.9899547208142,0,499.1713057494495,1]},{"transform":[0.02388551631779418,0,-0.9997147003571731,0,0,1,0,0,0.9997147003571731,0,0.02388551631779418,0,-511.8539265828726,0,463.0929296981228,1]},{"transform":[0.05130443298499913,0,-0.9986830604131061,0,0,1,0,0,0.9986830604131061,0,0.05130443298499913,0,-511.3257269315103,0,407.0323008390897,1]},{"transform":[0.08715450548738878,0,-0.9961948063372187,0,0,1,0,0,0.9961948063372187,0,0.08715450548738878,0,-510.051740844656,0,334.0169714515637,1]},{"transform":[0.130193016905572,0,-0.9914886677864884,0,0,1,0,0,0.9914886677864884,0,0.130193016905572,0,-507.642197906682,0,247.0667675822081,1]},{"transform":[0.1792495202138544,0,-0.9838036437740526,0,0,1,0,0,0.9838036437740526,0,0.1792495202138544,0,-503.7074656123149,0,149.3562810330745,1]},{"transform":[0.2331910786533588,0,-0.9724309337101957,0,0,1,0,0,0.9724309337101957,0,0.2331910786533588,0,-497.8846380596202,0,44.29940034730045,1]},{"transform":[0.2909018039436106,0,-0.9567529150529687,0,0,1,0,0,0.9567529150529687,0,0.2909018039436106,0,-489.85749250712,0,-64.44300835597349,1]},{"transform":[0.3512743727890096,0,-0.9362725644926737,0,0,1,0,0,0.9362725644926737,0,0.3512743727890096,0,-479.3715530202489,0,-173.0253037282171,1]},{"transform":[0.4132113170329805,0,-0.9106351670542214,0,0,1,0,0,0.9106351670542214,0,0.4132113170329805,0,-466.2452055317614,0,-277.5375806351614,1]},{"transform":[0.4756340176920008,0,-0.8796432692939596,0,0,1,0,0,0.8796432692939596,0,0.4756340176920008,0,-450.3773538785073,0,-374.1689879664837,1]},{"transform":[0.5374974554394976,0,-0.8432653706847362,0,0,1,0,0,0.8432653706847362,0,0.5374974554394976,0,-431.7518697905849,0,-459.3952913660765,1]},{"transform":[0.5978088800827048,0,-0.8016386610526356,0,0,1,0,0,0.8016386610526356,0,0.5978088800827048,0,-410.4389944589494,0,-530.1703734616729,1]},{"transform":[0.6556486706545642,0,-0.755066103509423,0,0,1,0,0,0.755066103509423,0,0.6556486706545642,0,-386.5938449968246,0,-584.1013410413509,1]},{"transform":[0.7101917787633171,0,-0.7040082651340079,0,0,1,0,0,0.7040082651340079,0,0.7101917787633171,0,-360.4522317486121,0,-619.588825601081,1]},{"transform":[0.7607282905084017,0,-0.6490704646031621,0,0,1,0,0,0.6490704646031621,0,0.7607282905084017,0,-332.324077876819,0,-635.9178677143423,1]},{"transform":[0.8066818112577625,0,-0.5909860026987911,0,0,1,0,0,0.5909860026987911,0,0.8066818112577625,0,-302.584833381781,0,-633.2901317186047,1]},{"transform":[0.8476245718837756,0,-0.5305964428252852,0,0,1,0,0,0.5305964428252852,0,0.8476245718837756,0,-271.665378726546,0,-612.7945318206902,1]},{"transform":[0.8832883679023156,0,-0.468830096227262,0,0,1,0,0,0.468830096227262,0,0.8832883679023156,0,-240.0410092683581,0,-576.3199382848036,1]},{"transform":[0.9135706619029156,0,-0.4066800286592259,0,0,1,0,0,0.4066800286592259,0,0.9135706619029156,0,-208.2201746735237,0,-526.4197072883881,1]},{"transform":[0.9385353865269843,0,-0.3451830358471344,0,0,1,0,0,0.3451830358471344,0,0.9385353865269843,0,-176.7337143537328,0,-466.1426526418069,1]},{"transform":[0.9584081556608796,0,-0.2854011337796527,0,0,1,0,0,0.2854011337796527,0,0.9584081556608796,0,-146.1253804951822,0,-398.8482449452659,1]},{"transform":[0.9735656934888456,0,-0.2284071812828643,0,0,1,0,0,0.2284071812828643,0,0.9735656934888456,0,-116.9444768168265,0,-328.0250270818808,1]},{"transform":[0.9845192821505729,0,-0.1752763049408575,0,0,1,0,0,0.1752763049408575,0,0.9845192821505729,0,-89.74146812971902,0,-257.1304898077219,1]},{"transform":[0.9918918506630647,0,-0.1270848401195064,0,0,1,0,0,0.1270848401195064,0,0.9918918506630647,0,-65.06743814118728,0,-189.4682124467894,1]},{"transform":[0.996387896886753,0,-0.08491854295495981,0,0,1,0,0,0.08491854295495981,0,0.996387896886753,0,-43.47829399293942,0,-128.1143409415642,1]},{"transform":[0.9987546257048447,0,-0.04989185938783534,0,0,1,0,0,0.04989185938783534,0,0.9987546257048447,0,-25.5446320065717,0,-75.90082649635514,1]},{"transform":[0.9997313072969896,0,-0.02318001747739231,0,0,1,0,0,0.02318001747739231,0,0.9997313072969896,0,-11.86816894842486,0,-35.4573695101497,1]},{"transform":[0.999981604552014,0,-0.006065522036843085,0,0,1,0,0,0.006065522036843085,0,0.999981604552014,0,-3.10554728286366,0,-9.307051995421716,1]},{"transform":[1,0,0,0,0,1,0,0,0,0,1,0,0,0,0,1]}],"property":"transform","beginTime":0,"fillMode":"removed","duration":2}],"beginTime":0,"fillMode":"both","duration":2}],"layers":[{"animations":[],"layers":[],"initialState":{"affineTransform":[1,0,0,1,0,0],"masksToBounds":false,"rotation":0,"scale":1,"position":{"pointX":512,"pointY":960},"width":1024,"sublayerTransform":[1,0,0,0,0,1,0,0,0,0,1,0,0,0,0,1],"contentsRect":{"y":0,"x":0,"width":1,"height":1},"opacity":1,"edgeAntialiasingMask":15,"height":384,"hidden":false,"anchorPoint":{"pointX":0.5,"pointY":0.5}},"texture":"86070AA80FE6983C1ABB6496B06973A4"}],"initialState":{"affineTransform":[1,0,0,1,0,0],"masksToBounds":false,"rotation":0,"scale":1,"position":{"pointX":512,"pointY":384},"width":1024,"sublayerTransform":[1,0,0,0,0,1,0,0,0,0,1,0,0,0,0,1],"contentsRect":{"y":0,"x":0,"width":1,"height":1},"opacity":1,"edgeAntialiasingMask":12,"height":768,"hidden":false,"anchorPoint":{"pointX":0.5,"pointY":0.5}},"texture":"8A9675F6DCC38A7E273B23BE8E4AC959"},{"animations":[{"animations":[{"from":{"scalar":1},"beginTime":0,"fillMode":"removed","property":"opacity","duration":2,"timingFunction":"easeIn","to":{"scalar":0.25}},{"keyTimes":[0,0.03333333333333333,0.06666666666666667,0.1,0.1333333333333333,0.1666666666666667,0.2,0.2333333333333333,0.2666666666666667,0.3,0.3333333333333333,0.3666666666666666,0.4,0.4333333333333333,0.4666666666666667,0.5,0.5333333333333333,0.5666666666666667,0.6,0.6333333333333333,0.6666666666666666,0.7,0.7333333333333333,0.7666666666666667,0.8,0.8333333333333334,0.8666666666666667,0.9,0.9333333333333333,0.9666666666666667,1],"values":[{"transform":[1,0,0,0,0,1,0,0,0,0,1,0,0,0,0,1]},{"transform":[0.9999803803140903,0,0.006264103039327193,0,0,1,0,0,-0.006264103039327193,0,0.9999803803140903,0,3.207220756135523,0,-9.611428215229182,1]},{"transform":[0.9997147003571731,0,0.0238855163177941,0,0,1,0,0,-0.0238855163177941,0,0.9997147003571731,0,12.22938435471058,0,-36.53161253003918,1]},{"transform":[0.9986830604131061,0,0.05130443298499902,0,0,1,0,0,-0.05130443298499902,0,0.9986830604131061,0,26.2678696883195,0,-78.02555640410105,1]},{"transform":[0.9961948063372187,0,0.08715450548738878,0,0,1,0,0,-0.08715450548738878,0,0.9961948063372187,0,44.62310680954305,0,-131.4116625835492,1]},{"transform":[0.9914886677864884,0,0.1301930169055719,0,0,1,0,0,-0.1301930169055719,0,0.9914886677864884,0,66.65882465565282,0,-193.916605668821,1]},{"transform":[0.9838036437740526,0,0.1792495202138544,0,0,1,0,0,-0.1792495202138544,0,0.9838036437740526,0,91.77575434949345,0,-262.575430229747,1]},{"transform":[0.9724309337101957,0,0.2331910786533588,0,0,1,0,0,-0.2331910786533588,0,0.9724309337101957,0,119.3938322705197,0,-334.1914054418,1]},{"transform":[0.9567529150529687,0,0.2909018039436106,0,0,1,0,0,-0.2909018039436106,0,0.9567529150529687,0,148.9417236191287,0,-405.3587772439648,1]},{"transform":[0.9362725644926737,0,0.3512743727890096,0,0,1,0,0,-0.3512743727890096,0,0.9362725644926737,0,179.8524788679729,0,-472.5443778804931,1]},{"transform":[0.9106351670542214,0,0.4132113170329805,0,0,1,0,0,-0.4132113170329805,0,0.9106351670542214,0,211.564194320886,0,-532.2185918460367,1]},{"transform":[0.8796432692939595,0,0.4756340176920008,0,0,1,0,0,-0.4756340176920008,0,0.8796432692939595,0,243.5246170583044,0,-581.0217247866866,1]},{"transform":[0.8432653706847362,0,0.5374974554394975,0,0,1,0,0,-0.5374974554394975,0,0.8432653706847362,0,275.1986971850227,0,-615.9484639716387,1]},{"transform":[0.8016386610526356,0,0.5978088800827047,0,0,1,0,0,-0.5978088800827047,0,0.8016386610526356,0,306.0781466023448,0,-634.5312213182774,1]},{"transform":[0.7550661035094232,0,0.6556486706545641,0,0,1,0,0,-0.6556486706545641,0,0.7550661035094232,0,335.6921193751368,0,-635.0030666630387,1]},{"transform":[0.704008265134008,0,0.710191778763317,0,0,1,0,0,-0.710191778763317,0,0.704008265134008,0,363.6181907268183,0,-616.4228666228747,1]},{"transform":[0.6490704646031622,0,0.7607282905084016,0,0,1,0,0,-0.7607282905084016,0,0.6490704646031622,0,389.4928847403016,0,-578.7490608508596,1]},{"transform":[0.5909860026987912,0,0.8066818112577625,0,0,1,0,0,-0.8066818112577625,0,0.5909860026987912,0,413.0210873639744,0,-522.8538777364114,1]},{"transform":[0.5305964428252853,0,0.8476245718837756,0,0,1,0,0,-0.8476245718837756,0,0.5305964428252853,0,433.9837808044931,0,-450.4761297427431,1]},{"transform":[0.468830096227262,0,0.8832883679023155,0,0,1,0,0,-0.8832883679023155,0,0.468830096227262,0,452.2436443659855,0,-364.1173031871762,1]},{"transform":[0.406680028659226,0,0.9135706619029155,0,0,1,0,0,-0.9135706619029155,0,0.406680028659226,0,467.7481788942927,0,-266.891703067619,1]},{"transform":[0.3451830358471345,0,0.9385353865269843,0,0,1,0,0,-0.9385353865269843,0,0.3451830358471345,0,480.530117901816,0,-162.3462490937238,1]},{"transform":[0.2854011337796528,0,0.9584081556608796,0,0,1,0,0,-0.9584081556608796,0,0.2854011337796528,0,490.7049756983703,0,-54.26864974207777,1]},{"transform":[0.2284071812828643,0,0.9735656934888456,0,0,1,0,0,-0.9735656934888456,0,0.2284071812828643,0,498.4656350662889,0,53.49613116758159,1]},{"transform":[0.1752763049408575,0,0.9845192821505729,0,0,1,0,0,-0.9845192821505729,0,0.1752763049408575,0,504.0738724610933,0,157.2019145236524,1]},{"transform":[0.1270848401195065,0,0.9918918506630647,0,0,1,0,0,-0.9918918506630647,0,0.1270848401195065,0,507.8486275394891,0,253.3129769515124,1]},{"transform":[0.08491854295495986,0,0.996387896886753,0,0,1,0,0,-0.996387896886753,0,0.08491854295495986,0,510.1506032060175,0,338.5579682715139,1]},{"transform":[0.04989185938783541,0,0.9987546257048447,0,0,1,0,0,-0.9987546257048447,0,0.04989185938783541,0,511.3623683608805,0,409.9169098579537,1]},{"transform":[0.02318001747739237,0,0.9997313072969896,0,0,1,0,0,-0.9997313072969896,0,0.02318001747739237,0,511.8624293360587,0,464.536890877484,1]},{"transform":[0.006065522036843147,0,0.999981604552014,0,0,1,0,0,-0.999981604552014,0,0.006065522036843147,0,511.9905815306312,0,499.5779822523457,1]},{"transform":[0,0,1,0,0,1,0,0,-1,0,0,0,512,0,511.9999999999999,1]}],"property":"transform","beginTime":0,"fillMode":"removed","duration":2}],"beginTime":0,"fillMode":"both","duration":2}],"layers":[{"animations":[],"layers":[],"initialState":{"affineTransform":[1,0,0,1,0,0],"masksToBounds":false,"rotation":0,"scale":1,"position":{"pointX":512,"pointY":960},"width":1024,"sublayerTransform":[1,0,0,0,0,1,0,0,0,0,1,0,0,0,0,1],"contentsRect":{"y":0,"x":0,"width":1,"height":1},"opacity":1,"edgeAntialiasingMask":15,"height":384,"hidden":false,"anchorPoint":{"pointX":0.5,"pointY":0.5}},"texture":"B8487A123F208143719CAD505C5DA553"}],"initialState":{"affineTransform":[1,0,0,1,0,0],"masksToBounds":false,"rotation":0,"scale":1,"position":{"pointX":512,"pointY":384},"width":1024,"sublayerTransform":[1,0,0,0,0,1,0,0,0,0,1,0,0,0,0,1],"contentsRect":{"y":0,"x":0,"width":1,"height":1},"opacity":1,"edgeAntialiasingMask":12,"height":768,"hidden":false,"anchorPoint":{"pointX":0.5,"pointY":0.5}},"texture":"DF7D8124AA8F598A9ABB20162F842285"}]}]},"effects":[],"duration":2,"type":"transition","name":"com.apple.iWork.Keynote.BLTReflection","objectID":0}],"automaticPlay":false,"hyperlinks":[],"accessibility":[{"text":"image2.png","targetRectangle":{"y":180.5521240234375,"x":195,"width":649.09375,"height":542.90625}},{"text":"QQ查找业务量级","targetRectangle":{"y":68,"x":209.76,"width":604.48,"height":96}}],"baseLayer":{"animations":[],"initialState":{"affineTransform":[1,0,0,1,0,0],"masksToBounds":true,"rotation":0,"scale":1,"position":{"pointX":512,"pointY":384},"width":1024,"sublayerTransform":[1,0,0,0,0,1,0,0,0,0,1,0,0,0,0,1],"contentsRect":{"y":0,"x":0,"width":1,"height":1},"opacity":1,"edgeAntialiasingMask":0,"height":768,"hidden":false,"anchorPoint":{"pointX":0.5,"pointY":0.5}},"objectID":0,"layers":[{"animations":[],"initialState":{"affineTransform":[1,0,0,1,0,0],"masksToBounds":false,"rotation":0,"scale":1,"position":{"pointX":512,"pointY":384},"width":1024,"sublayerTransform":[1,0,0,0,0,1,0,0,0,0,1,-0.0004922987690640373,0,0,0,1],"contentsRect":{"y":0,"x":0,"width":1,"height":1},"opacity":1,"edgeAntialiasingMask":15,"height":768,"hidden":false,"anchorPoint":{"pointX":0.5,"pointY":0.5}},"layers":[{"animations":[{"animations":[{"from":{"scalar":0.25},"beginTime":0,"fillMode":"removed","property":"opacity","duration":2,"timingFunction":"easeOut","to":{"scalar":1}},{"keyTimes":[0,0.03333333333333333,0.06666666666666667,0.1,0.1333333333333333,0.1666666666666667,0.2,0.2333333333333333,0.2666666666666667,0.3,0.3333333333333333,0.3666666666666666,0.4,0.4333333333333333,0.4666666666666667,0.5,0.5333333333333333,0.5666666666666667,0.6,0.6333333333333333,0.6666666666666666,0.7,0.7333333333333333,0.7666666666666667,0.8,0.8333333333333334,0.8666666666666667,0.9,0.9333333333333333,0.9666666666666667,1],"values":[{"transform":[0,0,-1,0,0,1,0,0,1,0,0,0,-512,0,512,1]},{"transform":[0.006264103039327281,0,-0.9999803803140903,0,0,1,0,0,0.9999803803140903,0,0.006264103039327281,0,-511.9899547208142,0,499.1713057494495,1]},{"transform":[0.02388551631779418,0,-0.9997147003571731,0,0,1,0,0,0.9997147003571731,0,0.02388551631779418,0,-511.8539265828726,0,463.0929296981228,1]},{"transform":[0.05130443298499913,0,-0.9986830604131061,0,0,1,0,0,0.9986830604131061,0,0.05130443298499913,0,-511.3257269315103,0,407.0323008390897,1]},{"transform":[0.08715450548738878,0,-0.9961948063372187,0,0,1,0,0,0.9961948063372187,0,0.08715450548738878,0,-510.051740844656,0,334.0169714515637,1]},{"transform":[0.130193016905572,0,-0.9914886677864884,0,0,1,0,0,0.9914886677864884,0,0.130193016905572,0,-507.642197906682,0,247.0667675822081,1]},{"transform":[0.1792495202138544,0,-0.9838036437740526,0,0,1,0,0,0.9838036437740526,0,0.1792495202138544,0,-503.7074656123149,0,149.3562810330745,1]},{"transform":[0.2331910786533588,0,-0.9724309337101957,0,0,1,0,0,0.9724309337101957,0,0.2331910786533588,0,-497.8846380596202,0,44.29940034730045,1]},{"transform":[0.2909018039436106,0,-0.9567529150529687,0,0,1,0,0,0.9567529150529687,0,0.2909018039436106,0,-489.85749250712,0,-64.44300835597349,1]},{"transform":[0.3512743727890096,0,-0.9362725644926737,0,0,1,0,0,0.9362725644926737,0,0.3512743727890096,0,-479.3715530202489,0,-173.0253037282171,1]},{"transform":[0.4132113170329805,0,-0.9106351670542214,0,0,1,0,0,0.9106351670542214,0,0.4132113170329805,0,-466.2452055317614,0,-277.5375806351614,1]},{"transform":[0.4756340176920008,0,-0.8796432692939596,0,0,1,0,0,0.8796432692939596,0,0.4756340176920008,0,-450.3773538785073,0,-374.1689879664837,1]},{"transform":[0.5374974554394976,0,-0.8432653706847362,0,0,1,0,0,0.8432653706847362,0,0.5374974554394976,0,-431.7518697905849,0,-459.3952913660765,1]},{"transform":[0.5978088800827048,0,-0.8016386610526356,0,0,1,0,0,0.8016386610526356,0,0.5978088800827048,0,-410.4389944589494,0,-530.1703734616729,1]},{"transform":[0.6556486706545642,0,-0.755066103509423,0,0,1,0,0,0.755066103509423,0,0.6556486706545642,0,-386.5938449968246,0,-584.1013410413509,1]},{"transform":[0.7101917787633171,0,-0.7040082651340079,0,0,1,0,0,0.7040082651340079,0,0.7101917787633171,0,-360.4522317486121,0,-619.588825601081,1]},{"transform":[0.7607282905084017,0,-0.6490704646031621,0,0,1,0,0,0.6490704646031621,0,0.7607282905084017,0,-332.324077876819,0,-635.9178677143423,1]},{"transform":[0.8066818112577625,0,-0.5909860026987911,0,0,1,0,0,0.5909860026987911,0,0.8066818112577625,0,-302.584833381781,0,-633.2901317186047,1]},{"transform":[0.8476245718837756,0,-0.5305964428252852,0,0,1,0,0,0.5305964428252852,0,0.8476245718837756,0,-271.665378726546,0,-612.7945318206902,1]},{"transform":[0.8832883679023156,0,-0.468830096227262,0,0,1,0,0,0.468830096227262,0,0.8832883679023156,0,-240.0410092683581,0,-576.3199382848036,1]},{"transform":[0.9135706619029156,0,-0.4066800286592259,0,0,1,0,0,0.4066800286592259,0,0.9135706619029156,0,-208.2201746735237,0,-526.4197072883881,1]},{"transform":[0.9385353865269843,0,-0.3451830358471344,0,0,1,0,0,0.3451830358471344,0,0.9385353865269843,0,-176.7337143537328,0,-466.1426526418069,1]},{"transform":[0.9584081556608796,0,-0.2854011337796527,0,0,1,0,0,0.2854011337796527,0,0.9584081556608796,0,-146.1253804951822,0,-398.8482449452659,1]},{"transform":[0.9735656934888456,0,-0.2284071812828643,0,0,1,0,0,0.2284071812828643,0,0.9735656934888456,0,-116.9444768168265,0,-328.0250270818808,1]},{"transform":[0.9845192821505729,0,-0.1752763049408575,0,0,1,0,0,0.1752763049408575,0,0.9845192821505729,0,-89.74146812971902,0,-257.1304898077219,1]},{"transform":[0.9918918506630647,0,-0.1270848401195064,0,0,1,0,0,0.1270848401195064,0,0.9918918506630647,0,-65.06743814118728,0,-189.4682124467894,1]},{"transform":[0.996387896886753,0,-0.08491854295495981,0,0,1,0,0,0.08491854295495981,0,0.996387896886753,0,-43.47829399293942,0,-128.1143409415642,1]},{"transform":[0.9987546257048447,0,-0.04989185938783534,0,0,1,0,0,0.04989185938783534,0,0.9987546257048447,0,-25.5446320065717,0,-75.90082649635514,1]},{"transform":[0.9997313072969896,0,-0.02318001747739231,0,0,1,0,0,0.02318001747739231,0,0.9997313072969896,0,-11.86816894842486,0,-35.4573695101497,1]},{"transform":[0.999981604552014,0,-0.006065522036843085,0,0,1,0,0,0.006065522036843085,0,0.999981604552014,0,-3.10554728286366,0,-9.307051995421716,1]},{"transform":[1,0,0,0,0,1,0,0,0,0,1,0,0,0,0,1]}],"property":"transform","beginTime":0,"fillMode":"removed","duration":2}],"beginTime":0,"fillMode":"both","duration":2}],"layers":[{"animations":[],"layers":[],"initialState":{"affineTransform":[1,0,0,1,0,0],"masksToBounds":false,"rotation":0,"scale":1,"position":{"pointX":512,"pointY":960},"width":1024,"sublayerTransform":[1,0,0,0,0,1,0,0,0,0,1,0,0,0,0,1],"contentsRect":{"y":0,"x":0,"width":1,"height":1},"opacity":1,"edgeAntialiasingMask":15,"height":384,"hidden":false,"anchorPoint":{"pointX":0.5,"pointY":0.5}},"texture":"86070AA80FE6983C1ABB6496B06973A4"}],"initialState":{"affineTransform":[1,0,0,1,0,0],"masksToBounds":false,"rotation":0,"scale":1,"position":{"pointX":512,"pointY":384},"width":1024,"sublayerTransform":[1,0,0,0,0,1,0,0,0,0,1,0,0,0,0,1],"contentsRect":{"y":0,"x":0,"width":1,"height":1},"opacity":1,"edgeAntialiasingMask":12,"height":768,"hidden":false,"anchorPoint":{"pointX":0.5,"pointY":0.5}},"texture":"8A9675F6DCC38A7E273B23BE8E4AC959"},{"animations":[{"animations":[{"from":{"scalar":1},"beginTime":0,"fillMode":"removed","property":"opacity","duration":2,"timingFunction":"easeIn","to":{"scalar":0.25}},{"keyTimes":[0,0.03333333333333333,0.06666666666666667,0.1,0.1333333333333333,0.1666666666666667,0.2,0.2333333333333333,0.2666666666666667,0.3,0.3333333333333333,0.3666666666666666,0.4,0.4333333333333333,0.4666666666666667,0.5,0.5333333333333333,0.5666666666666667,0.6,0.6333333333333333,0.6666666666666666,0.7,0.7333333333333333,0.7666666666666667,0.8,0.8333333333333334,0.8666666666666667,0.9,0.9333333333333333,0.9666666666666667,1],"values":[{"transform":[1,0,0,0,0,1,0,0,0,0,1,0,0,0,0,1]},{"transform":[0.9999803803140903,0,0.006264103039327193,0,0,1,0,0,-0.006264103039327193,0,0.9999803803140903,0,3.207220756135523,0,-9.611428215229182,1]},{"transform":[0.9997147003571731,0,0.0238855163177941,0,0,1,0,0,-0.0238855163177941,0,0.9997147003571731,0,12.22938435471058,0,-36.53161253003918,1]},{"transform":[0.9986830604131061,0,0.05130443298499902,0,0,1,0,0,-0.05130443298499902,0,0.9986830604131061,0,26.2678696883195,0,-78.02555640410105,1]},{"transform":[0.9961948063372187,0,0.08715450548738878,0,0,1,0,0,-0.08715450548738878,0,0.9961948063372187,0,44.62310680954305,0,-131.4116625835492,1]},{"transform":[0.9914886677864884,0,0.1301930169055719,0,0,1,0,0,-0.1301930169055719,0,0.9914886677864884,0,66.65882465565282,0,-193.916605668821,1]},{"transform":[0.9838036437740526,0,0.1792495202138544,0,0,1,0,0,-0.1792495202138544,0,0.9838036437740526,0,91.77575434949345,0,-262.575430229747,1]},{"transform":[0.9724309337101957,0,0.2331910786533588,0,0,1,0,0,-0.2331910786533588,0,0.9724309337101957,0,119.3938322705197,0,-334.1914054418,1]},{"transform":[0.9567529150529687,0,0.2909018039436106,0,0,1,0,0,-0.2909018039436106,0,0.9567529150529687,0,148.9417236191287,0,-405.3587772439648,1]},{"transform":[0.9362725644926737,0,0.3512743727890096,0,0,1,0,0,-0.3512743727890096,0,0.9362725644926737,0,179.8524788679729,0,-472.5443778804931,1]},{"transform":[0.9106351670542214,0,0.4132113170329805,0,0,1,0,0,-0.4132113170329805,0,0.9106351670542214,0,211.564194320886,0,-532.2185918460367,1]},{"transform":[0.8796432692939595,0,0.4756340176920008,0,0,1,0,0,-0.4756340176920008,0,0.8796432692939595,0,243.5246170583044,0,-581.0217247866866,1]},{"transform":[0.8432653706847362,0,0.5374974554394975,0,0,1,0,0,-0.5374974554394975,0,0.8432653706847362,0,275.1986971850227,0,-615.9484639716387,1]},{"transform":[0.8016386610526356,0,0.5978088800827047,0,0,1,0,0,-0.5978088800827047,0,0.8016386610526356,0,306.0781466023448,0,-634.5312213182774,1]},{"transform":[0.7550661035094232,0,0.6556486706545641,0,0,1,0,0,-0.6556486706545641,0,0.7550661035094232,0,335.6921193751368,0,-635.0030666630387,1]},{"transform":[0.704008265134008,0,0.710191778763317,0,0,1,0,0,-0.710191778763317,0,0.704008265134008,0,363.6181907268183,0,-616.4228666228747,1]},{"transform":[0.6490704646031622,0,0.7607282905084016,0,0,1,0,0,-0.7607282905084016,0,0.6490704646031622,0,389.4928847403016,0,-578.7490608508596,1]},{"transform":[0.5909860026987912,0,0.8066818112577625,0,0,1,0,0,-0.8066818112577625,0,0.5909860026987912,0,413.0210873639744,0,-522.8538777364114,1]},{"transform":[0.5305964428252853,0,0.8476245718837756,0,0,1,0,0,-0.8476245718837756,0,0.5305964428252853,0,433.9837808044931,0,-450.4761297427431,1]},{"transform":[0.468830096227262,0,0.8832883679023155,0,0,1,0,0,-0.8832883679023155,0,0.468830096227262,0,452.2436443659855,0,-364.1173031871762,1]},{"transform":[0.406680028659226,0,0.9135706619029155,0,0,1,0,0,-0.9135706619029155,0,0.406680028659226,0,467.7481788942927,0,-266.891703067619,1]},{"transform":[0.3451830358471345,0,0.9385353865269843,0,0,1,0,0,-0.9385353865269843,0,0.3451830358471345,0,480.530117901816,0,-162.3462490937238,1]},{"transform":[0.2854011337796528,0,0.9584081556608796,0,0,1,0,0,-0.9584081556608796,0,0.2854011337796528,0,490.7049756983703,0,-54.26864974207777,1]},{"transform":[0.2284071812828643,0,0.9735656934888456,0,0,1,0,0,-0.9735656934888456,0,0.2284071812828643,0,498.4656350662889,0,53.49613116758159,1]},{"transform":[0.1752763049408575,0,0.9845192821505729,0,0,1,0,0,-0.9845192821505729,0,0.1752763049408575,0,504.0738724610933,0,157.2019145236524,1]},{"transform":[0.1270848401195065,0,0.9918918506630647,0,0,1,0,0,-0.9918918506630647,0,0.1270848401195065,0,507.8486275394891,0,253.3129769515124,1]},{"transform":[0.08491854295495986,0,0.996387896886753,0,0,1,0,0,-0.996387896886753,0,0.08491854295495986,0,510.1506032060175,0,338.5579682715139,1]},{"transform":[0.04989185938783541,0,0.9987546257048447,0,0,1,0,0,-0.9987546257048447,0,0.04989185938783541,0,511.3623683608805,0,409.9169098579537,1]},{"transform":[0.02318001747739237,0,0.9997313072969896,0,0,1,0,0,-0.9997313072969896,0,0.02318001747739237,0,511.8624293360587,0,464.536890877484,1]},{"transform":[0.006065522036843147,0,0.999981604552014,0,0,1,0,0,-0.999981604552014,0,0.006065522036843147,0,511.9905815306312,0,499.5779822523457,1]},{"transform":[0,0,1,0,0,1,0,0,-1,0,0,0,512,0,511.9999999999999,1]}],"property":"transform","beginTime":0,"fillMode":"removed","duration":2}],"beginTime":0,"fillMode":"both","duration":2}],"layers":[{"animations":[],"layers":[],"initialState":{"affineTransform":[1,0,0,1,0,0],"masksToBounds":false,"rotation":0,"scale":1,"position":{"pointX":512,"pointY":960},"width":1024,"sublayerTransform":[1,0,0,0,0,1,0,0,0,0,1,0,0,0,0,1],"contentsRect":{"y":0,"x":0,"width":1,"height":1},"opacity":1,"edgeAntialiasingMask":15,"height":384,"hidden":false,"anchorPoint":{"pointX":0.5,"pointY":0.5}},"texture":"B8487A123F208143719CAD505C5DA553"}],"initialState":{"affineTransform":[1,0,0,1,0,0],"masksToBounds":false,"rotation":0,"scale":1,"position":{"pointX":512,"pointY":384},"width":1024,"sublayerTransform":[1,0,0,0,0,1,0,0,0,0,1,0,0,0,0,1],"contentsRect":{"y":0,"x":0,"width":1,"height":1},"opacity":1,"edgeAntialiasingMask":12,"height":768,"hidden":false,"anchorPoint":{"pointX":0.5,"pointY":0.5}},"texture":"DF7D8124AA8F598A9ABB20162F842285"}]}]}}]} } )